$ANSIBLE_VAULT;1.1;AES256
61333964656562663434356661376633396636393965633262356262623839343561383461623366
3962343861363364613361303237363336363533613734620a316466346339383634363937306661
61633465383436633661636464353038376365663932616632643232353038316564366331346361
3331633537303561360a613839356664393439373835643135366663353263636164376366626434
37656663383931393138663838663066393764386633313562636262643037666161373732393737
64663637376463386364636237373839646438336661313738646534376330666533626631616534
65323734323737316266373866313734313862323461313864303761646131316562353063313965
63363432363830373536623766336664643464633438623664396263393036376135623637303838
64346533323064393335336165656365306237646630316232313637353964333237313134316534
30306235346231353039626163396663613566663735663065326163376132393666613563343364
32613137343562633563646561616639323132313636333230326633623631316366663632663534
37666135393237383961646563366536626530626663316237373533313330633237643363333838
63653732373864393935613534323131353830303933393531626135613437303665666536626630
34633232343136323633376464626536323335636639363862303061336139613834616661616361
36646333396666396133613238646133663235626462303535306238323364663734646338373935
64383232663533623832313963643066663063636136363165386138333239653239646261316264
37336237636664313536663935383662636363313062333233633631373131663436633438376662
36323961616438316536306438366632616637323861383434373366373233366134316262383730
38646336343961613031653464663466613365353766633433316463616532613066393734663664
35613737666362303461626339653439613965356135393234303637346533373035376139666565
36663838653937353130326164373835646436376661336337663364383635376461643766303536
64346231623634643039356430333536636133303736303132363063643733643735663138663665
65333730373633623061323435633764633133353161656239313064333961393735393230313061
65386435393032326132326438323338323062383033653630663236366434343334616235656438
32616537633533623937636534333461333564383233313235323339393737353664353563363636
33373936353064633737643631383864616561613436383930343064613463316335663030336639
61326239363561306664626563303862616265383064303035396135306164363538383436643631
30386536396635313735363764656562373665636433326634626139336261656361396661633166
64306130326166316136633337353339656665353937373031616637326339623231656264643665
35666263373866313965323263613739653533633162663333626138323161353434393531633539
32666636356261336566366332646231386535663638363435663661323663303136393638336434
39316237363030383963326462343434633830343132613037313361626265653438656433366431
65653164373037303238656436376530313665313238363462326464353933363761326537643433
63646633363161386165323436343838623932316164383234373333653962313636396363623539
62303363653662373964616333323237323733636432323732333234303833313031653861386261
33343762653162353035633633386266303463663234326434383463383762383838323065653464
62376531343365643165376438343931353133396134616261336464663464393065626562363733
38323931393261323465333534666630366436653963366530633035396338376636323261366565
36376338366566346264323437623363623965323536613766333834383137303730323631373462
39343632616437666333336564353731393161316465343261626137323339633535346638316538
35366130313335623261373534333538356632303863343731303164383934643362396361326635
62386463333966333662646166646535663833386266646331386164386536366466333832343535
32323131343534326237353666663765636336653164306233646536323939323233353165396165
35663361626638333162383738333064303239393231353836626663643561633663373536306361
35353332356164313832383465323864353231333331303237343362613865383565613735626639
64363730626339386533396330663963333766313262623830653061386166666235343139353131
30353532656435363165383561613438316563306166323539613036306235373636343131366661
61346161313262353531393862653939333635656566613233643437353037373161636562353037
37346433633864643738363632646339363130336330613761343961613536373366326337313333
64343430326436616435313039303735303439346139623130323138653132613339393134613038
31323662623231303332623934383032656336373636643062373236616661656635626132313737
31643766656537313361373838353239336534373531303732396436353837646538366632326434
65363761633765353238383534396431313134613432326261333538383835653936663635373437
61633635383361646361663464613330626336333863376163663864663634323362306164653933
33616262623831623561373037306530313635353837656431663736303736326533626163333036
38333262396662643333613061316338613265313336663565383633666136353266623266316333
65383932613333666234663336316435326435613666376331383536313863313631333935613932
62343237626436303033396339356566383539376536613766356136643833303330646466636262
33363932386465316638616633393830333834623933313338613463346238383335353736636261
31616364346635613636663638613861656133323965613334336138393036646666366633303931
66313136323266373938333031646562393432653531353165623463623432333138616465353138
61346536336332653562323862313137336433643634353832353437656666343430316266316562
35313439333533313638313266336139393864353833663562326561343031383764623735326461
39623663383539303763646161663730313561376433333932356438316662333738376132666333
38363863333965303561333363623733393633333636343731643865353339666339663636393761
33373462396431353562643063626330363837373039343161356631636338343435343637393935
62373732323066626330343637393465356138393735363365363965616232386530636233613439
30363432353663666331633234383331353238666134383761633637303235383031303965313061
65643231386533653032346365393164303164663861626265626466383538326330663233653131
33303734353363306232373964643166353435633630613163646461643730653362616461393166
30656630383565303063373134656237666236383530376166643965616139663432393935303139
61343864326336366638363532326537356130653135616632373862666531316636313835333566
62613365633865313764393434666434346265653964643763373930666230386136643234383034
64386664663363366639393935353136656635353331366130353663393264656632666132373139
34636663313333306638643638646432666562396334653439366434386661333139356136313165
66313637336333353962363539303337333565613061383265323430326534363163656561363463
33303439383332613463306664623433393730663436623130323961623638353732326563326231
33313238616539333563353461323731656366623131623931623338663631663734633937623639
34613566373939356633353030653934316234356266656461643130613139323538346135633531
32333636323138653461623733643330316137383831393361663134383165346362636361663931
37326137663263336539626134386161383838393237633863373638616436623963356362306165
33643763303639346461613739353333363266313866336265646639643537636335653837333363
65396334383434313734626133306230636562623666353465333031343738386138663363623338
32323932313633333535616533316437663363323263353135646438636234626164323632383263
64356531386433326231323963643266306638626564646336646531366561626538303238643739
65643536303139313963326131346234373533393065313166643539663833376665656337313134
61633461616431626439623239373335616432363564366136393766636265323038643935383636
63373434316232633839
