$ANSIBLE_VAULT;1.1;AES256
35346630636136363964336537306439666162656532383234336237626263623866303162633338
3232353062343064633631343666313364396365333662370a383938626664376164303865303039
36336132623430303939643638306535306566383338353365363132623832663530663139323933
3937326438643363330a653436313265653431376634383763643135373465363362613531656633
63306431623163623961393939306163643766393664373966316666613263633531653466653862
30663365336239343835623665373237336537653465306262383339326665616562313032313664
61306461313066346631356235333266363533343339306232323632666237376136323239303164
62623133326364363731623934626137383566653434656232333161656135633635303337333031
37353463643432306236306335613566663937313036393830323131653063313736323061333730
35393636363361343661343536306661613437633262316266653763316131343332303431363834
36643330393439323265313564643733376434646433356134633731303132623035663731636538
64616234393866316264636130623235393064376463396437343236306266643536656534663931
31626230386531343666376663663839313633613139393563656531633063333636636232333636
35356538333665306363666261346266383039663930613438366562653337346562623934343037
63383130663831626533366338343737626633386634393333613966626162333963383032653331
39376166333664316265346132323433613164333130316664623533333235326439363033393236
66663839393536326139613762373762653635373565623135633730393265356639373863666364
32653364336333396330343339363431643163666665346561373864303362376364383764333762
66326633633938643432663863616436653131326236343032383332306566653736336162626164
32616331373136333938666163646530363537333566393363363333626463386631646133353430
32323237363832623962343337343536336233613439393634323233616138653536336331363238
62376165306261356464303631656562343237386236326635333061356339356664346339623636
62663134333839323832356434653638666364613061313630373165653562323537623361363632
62346137353661343935373633613036633234353538316634616265343839656232356561373363
3061
